10162
10028
10128
08625
10031
10009
10032
11372
10016
10003
10002
10026
10023
10025
10453
10030
10021
11226
10029
10012
10033
10040
11104
10452
10011
10039
10456
10010
10468
10022
10037
10458
11103
11213
02113
11373
10457
10024
10014
11216
11219
10472
11212
11221
10038
10027
11220
94108
11218
98174
10455
11106
10017
90057
10462
11206
11237
11374
10019
11230
07093
10034
11204
94109
10459
11217
11233
10013
11211
11225
94102
11102
10280
11419
11238
11355
94133
10044
10451
11368
11210
11203
10463
90020
11214
07087
90005
11223
11229
10036
95502
11415
93216
11435
11224
11416
11377
60626
60660
20009
07070
33015
43210
93705
98117
12206
07604
20910
78207
53212
85035
54985
02453
00982
33150
00901
90502
77074
91506
02128
01108
94087
07040
92647
08904
10474
55101
53205
21214
07660
08103
44106
60706
17104
06119
14608
10707
94608
33154
94501
15211
33068
02476
48228
95824
07607
30308
97213
16503
11581
98144
84111
21212
93666
90605
84105
89108
19074
77080
02861
91911
00918
53216
45410
89103
19805
14220
94805
16682
06607
07042
55412
61606
15208
95062
94541
11726
11516
14209
20782
90501
43202
90405
01103
96817
11710
19802
95112
99204
60617
00966
44123
77035
28223
63107
36849
33142
15217
94107
91754
10454
10466
10467
11201
10460
11369
90006
77046
60640
11207
94110
60657
11209
11421
11235
02115
90029
11370
60610
07030
94115
19103
90017
00913
94117
24142
11215
11236
11228
10475
11205
11375
00915
11385
02116
10473
10001
11432
11417
11105
60613
96826
60647
11428
02215
11208
11354
00906
19139
10469
00912
07106
07010
10035
07522
60625
47876
76798
90011
20005
02144
11231
19107
11418
94123
91205
94114
19102
10282
90004
94112
94118
07304
02446
19146
90270
07505
10461
11222
07107
02139
11436
19143
11420
10006
19147
00911
90255
07055
29688
19120
19133
90038
11232
07513
02118
60614
11429
02109
07111
60651
07302
11367
10069
90028
90037
07306
19132
02114
19141
11239
19149
60659
60639
07104
19138
11434
11412
11358
60618
21231
02121
11423
07018
33130
02141
99513
10007
60623
10550
60615
90034
20010
21217
10470
60645
19140
94606
11366
90804
60641
11433
07208
02120
19130
02145
92701
07108
01902
98121
60649
07112
60611
11411
91402
90026
07501
60622
00917
27109
94122
02199
11365
90201
90019
19134
98104
94103
19142
92703
60601
10705
90813
07307
19150
90044
07017
19104
94134
07502
60644
33135
94116
20037
98101
07514
00923
90304
53706
80203
19125
90003
90007
90302
90403
90018
02143
97205
02124
07524
91203
94601
02111
33128
90033
02150
90063
77081
33141
07022
90001
07504
60653
55404
90716
11427
90022
60661
19122
60301
94709
22209
55454
11379
60629
11361
02134
91405
90062
90301
90025
11692
10701
02863
92662
10553
07050
02140
02119
94703
19082
02135
90002
98102
15232
07103
33139
91204
95116
18102
19121
00925
94121
11004
02122
53703
21202
07024
90303
92707
90262
10018
01841
10308
90814
94612
60608
19135
11357
00921
91501
60165
19126
44243
91601
11550
08629
96815
60616
10703
90042
10302
07650
90250
60636
60624
02126
33125
90035
94964
07026
11378
90036
90280
02127
11356
11691
19151
07206
94131
60804
11413
60637
90254
18101
53204
90024
90016
15224
20001
60621
91101
10310
90013
91606
01718
91801
11694
94702
20712
19106
91732
07503
92105
06608
92104
60632
14201
90212
70116
94610
94706
90247
02108
90014
90805
00924
53206
11364
98122
21218
22204
06901
11414
00983
92655
07029
95122
08611
90211
15213
08609
53210
20036
19144
11360
90715
11005
92704
90260
60619
21223
92804
19124
21213
94609
11003
02909
90706
20011
02908
90723
90059
10005
91411
14222
22203
11426
10552
14213
07047
91607
94603
12210
60304
19148
07011
91401
96814
60620
14208
21201
00909
02138
90048
02907
10465
60707
90066
45219
07202
22201
60630
07310
80218
95117
06519
91776
33145
92844
02129
00717
19023
91303
92843
20020
02125
07057
78705
02148
94015
90710
92706
22311
94127
10805
90680
07756
11561
90043
58202
33174
60302
33010
07204
07102
90222
46556
19127
07109
33012
00907
19111
00957
55403
21216
90047
43201
07002
92805
10304
60634
90717
01850
02131
17102
07603
20003
19152
90650
07644
91331
90278
48205
91306
91605
60202
70115
10704
91340
10801
02149
14619
92113
48206
10301
91335
06710
60609
48824
10606
22305
92102
91202
07601
60612
91201
44107
92139
33016
07305
70119
91104
90701
92840
91020
90032
14621
70125
94602
75231
02170
01610
90404
11563
02723
44703
23186
77036
95111
07088
75219
11010
92802
47406
01105
30313
91744
33161
75246
94578
84102
53215
14215
21205
90031
20912
08102
11501
08861
48224
92801
11580
53202
90069
90277
90806
91343
21215
91803
60402
91755
60153
90065
90221
01840
02724
20002
06604
98105
91770
92116
22041
06106
02906
14607
06605
90061
55407
33136
89101
92115
75206
70113
90015
19145
12307
92107
00952
90242
55408
08542
93702
11001
01107
90046
07621
90023
19131
38677
11101
53211
63118
22304
14613
10305
33313
93701
90604
44102
07003
06511
53208
95121
93101
13203
85033
44120
19026
60201
20008
19036
11234
92683
02163
95130
91502
44112
07628
07105
11575
30322
96813
08105
11520
33137
90241
90012
92832
19018
19604
06269
00730
53233
41014
11362
19076
20019
85015
14216
02110
21229
92627
48212
90266
98107
00969
20007
33127
63116
02860
48235
29202
94040
15219
33129
07020
94061
91780
04101
97212
90292
90623
77006
55409
01851
60652
94041
22206
90606
63108
15350
02744
48238
60104
95128
95129
06510
90249
92663
14217
90008
98103
48204
02152
11040
33162
60628
11553
11565
33160
43206
37916
92780
80211
91767
63109
98119
06606
90621
14211
07734
19119
21239
19136
91792
22301
14212
60456
48221
02222
90731
70117
48227
91106
00959
08901
55105
14605
44108
90713
33013
20017
85006
94086
95133
80206
07110
10471
97209
64124
85329
95126
92103
77057
80246
91722
75287
98109
92604
07205
33184
02130
07203
70118
08104
91731
95051
53715
90660
48210
90067
19602
92114
95842
11756
10601
02472
97214
07034
77341
02151
45207
11363
75204
41073
08107
92866
20032
29423
06112
55411
80219
90041
19601
06105
60643
02474
91602
98403
24215
11021
91950
90503
94014
90803
19050
94066
60631
33144
19123
10708
91790
15216
00927
95118
91723
90630
11510
07720
02740
60040
90240
11570
11518
91775
55104
85017
92845
60656
